  53 238 143  23 203 123 229  33 223 205  74   3 224 113 114 227
 204 114 137  73  70 129   4  97  53 103  43  30 126  45  53 167
 144 234 104  28 210  57 240  89 137 140  37 144 197  60 181 211
 209 116 246 250 245 115 174 120 121 121 243 251 169 217 120 248
 246  93 119 125  39 117  95  99 149 216  61 227   8   7 227 166
  21  76 178 165 106  85 162  29 134 178 215 115 206 241 139 251
 185 255  74  47 107  67 171  90 208  57   0 155 228  48 238  66
 174 199 119  97 198 145 119 211 224 160  75  61   1  43  71  85
  56 223   0 128  91 153 166 224  13 203 168 253 188 141 128  31
  54 128  77 243 230 182
